1.48240444253 338
0.908181590632 333
1.15859785143 328
1.36732013041 374
1.73871006053 323
2.19655067776 331
2.28350846475 309
2.12114242169 340
2.71447589306 329
2.61029221266 328
3.29880562761 354
3.39668201601 326
3.8392072073 378
3.89376899756 328
4.62625135098 347
5.53854244882 319
6.02828912804 327
6.21201839702 334
5.4944551697 308
4.85202269263 331
4.71207891123 322
4.69295645005 326
5.31176038764 325
5.77495734786 364
5.29762942791 343
6.94039071589 315
6.33813734632 326
5.9184979245 333
5.89105162511 302
6.81461886705 319
5.82577672137 346
7.92632610279 347
9.16449797642 316
7.43226147265 314
8.2050165474 342
9.26464310269 308
9.93872038233 329
8.97240420826 332
7.69373575985 318
6.65591110032 320
7.21894623123 332
6.46155260317 355
7.04287718976 325
6.09346521801 319
5.30170451007 309
5.87530729885 328
5.88120080548 323
5.77740218274 335
6.42922699224 329
6.98061165565 341
6.37413676111 351
6.11636233731 327
5.79130153801 327
5.39181034219 335
4.48233346751 349
5.30514777158 318
4.93418555085 332
4.13986971191 337
4.26400116022 329
5.39794416976 325
5.01096803996 345
8.08632575977 358
9.93121272437 326
10.9884782824 331
11.9030308808 356
9.77696462369 302
10.3746518181 325
9.64063004782 324
11.3996996096 342
13.0609458403 337
15.4835063856 354
12.3164716948 332
11.2322527842 346
11.2090957158 333
8.13244091605 335
8.6545870855 318
8.60080962718 341
7.59527951657 376
6.50489348757 346
9.14775066016 326
9.35587332844 324
10.2225087324 333
10.2267368096 356
9.60965411243 365
9.63609873522 357
8.31842619715 349
7.31928739027 336
4.05881642617 350
4.10167701033 350
2.98737782614 326
2.64638097274 310
1.50196334677 344
1.52297263085 303
0.740003058309 338
0.897991429778 336
1.19617909335 354
1.79240008596 311
1.67516504477 336
2.24338690661 318
2.20551189553 346
1.59833958159 345
1.55834381506 302
1.34984281714 336
0.678963115889 335
0.581324290726 370
0.344513854617 355
0.144332459188 349
0.114119384779 315
0.0625069907668 338
0.0765066140874 347
0.131112238457 309
0.153199574362 353
0.459646345435 356
0.643615169858 333
0.703811018635 329
0.786371924172 313
0.74624371279 326
0.403552757135 328
0.679715377514 314
1.5271932063 318
1.11956786498 333
0.662737284654 332
0.826642164683 345
1.05043709803 359
0.532067390209 325
0.933651186524 356
1.44071497482 352
1.52528420447 348
0.339774302889 328
0.334784261289 353
0.617138857094 331
0.870159962094 353
0.599380432811 341
0.528839775739 333
0.381829869575 330
0.264309991774 339
0.484630877505 363
0.678304312885 329
0.884918641311 335
0.75367079487 354
0.724232876667 331
1.34771766312 350
1.92164774751 323
1.90032388276 361
2.32593594355 333
2.39071987183 367
1.94631341249 319
2.05375771656 334
2.42180295816 351
2.96649151814 332
2.41335524892 318
2.09617608688 363
2.48291506727 382
2.01355147571 314
2.80785190932 353
3.25670608544 360
4.00734780225 366
2.81742279207 335
1.2307367697 362
0.453813688215 355
1.05130518221 334
0.780889336016 345
0.93085198389 366
1.40372061906 353
1.55033822306 363
1.57542401121 329
1.61469192203 389
2.70749414567 332
2.50023128227 343
4.08957976906 367
4.98247267136 361
5.74708027325 344
5.79097620203 345
5.49625640216 336
4.17152270988 327
3.47118071462 353
2.70910786695 347
2.42475353458 366
2.71803926058 339
2.62968451028 361
2.79817826997 355
3.55376351809 349
2.83026065335 365
2.54281603315 315
2.70773997144 360
3.23595995844 335
2.09321985104 370
1.95290340906 337
3.37527137015 348
4.69521092313 337
5.79009569184 352
5.84814636831 335
5.67774237551 340
6.1006258117 384
6.48481530569 338
5.48599230115 351
3.89674473912 333
5.43706862037 355
8.53910507156 370
10.6503585858 342
10.7931598939 339
9.09100621047 363
7.88771256052 362
6.78732699674 363
8.06068209089 379
8.82202261718 382
7.51392894884 350
9.49284925185 328
9.42221410875 332
10.4903653354 355
10.5224675763 339
10.574377162 358
9.5319934629 344
10.2247387975 348
12.9753494946 373
11.4713072652 336
11.0648907276 357
14.239679426 358
13.7859021759 364
13.1562229119 348
12.5341857581 331
12.6818057787 324
12.2521815145 343
14.0957221059 378
14.3462164054 352
18.0663050389 340
17.7429049673 351
18.6098660701 375
18.7492594618 318
19.4752540359 315
18.118632552 347
18.3527916697 392
18.4823788006 358
20.3911045684 370
20.832599758 359
19.2611520963 359
16.9621211817 358
22.149446825 377
20.3415863839 359
22.4577822825 358
19.537964424 362
18.1770053529 355
20.1145158765 351
19.1537016789 343
18.4867001063 338
15.3791589211 360
12.5384298394 370
12.4724900941 338
15.0223119636 346
11.9556303292 341
13.1560714055 367
14.3450190393 362
14.0472854766 346
15.3424294996 322
18.7164394762 351
20.0811190404 344
16.0109007529 359
17.5121653728 343
18.8342100497 358
18.1024812806 343
17.5663936968 376
18.1371824352 372
18.4134839967 346
18.7705624245 364
16.1246931087 346
14.4217086774 375
12.9325308366 336
12.9735314857 369
13.3646555141 347
10.0044186066 340
12.1081259823 353
14.0609872644 369
13.2821642525 349
10.8915160364 373
12.2401297666 325
13.1329432031 316
15.3709805276 373
13.3772806175 357
12.5775044522 372
11.9002348696 358
13.5687219487 334
12.8179810307 336
11.9233124931 359
13.2159372063 386
16.0094039048 357
15.9071630376 354
15.5775859715 344
13.982871445 339
16.0491518907 353
16.7349399708 375
14.3084239346 369
15.5825881516 362
14.4139276992 337
12.2626175206 350
15.0502746118 346
15.2946378819 363
17.8199778008 341
16.78065261 364
16.8953097445 357
16.8927391877 375
16.4391105158 361
14.6450290369 359
12.8641375439 390
14.7197967597 394
13.9138401501 372
12.4611822357 352
16.6901986451 362
17.3554224561 362
16.5733839275 397
16.7917706408 375
18.161908941 362
15.8321485485 336
14.3586158676 378
13.0347768735 373
11.3454667524 367
11.6728343248 361
8.8448022373 356
11.2138056272 365
9.75470352705 346
12.1385930804 358
13.7004946904 342
11.4733938395 376
11.2474050733 361
10.1249887667 380
8.2111350755 347
7.04808323242 362
5.70495323452 384
6.54871843186 372
6.45755056641 367
5.53741843576 385
5.56756034326 363
4.6721483722 364
4.68376388147 336
5.12554501944 353
7.0045797354 373
7.78682596696 363
7.15756216888 377
7.10253262108 346
6.62027172378 354
5.54038518967 364
5.16481557943 374
5.81197343018 339
6.66354015631 372
6.3227732315 371
5.6188373794 342
3.69969759866 344
4.82453963245 395
4.90120008172 333
5.43459953664 368
5.57408745752 355
4.51841528412 358
5.15740727477 329
5.1608412815 377
5.10668201417 353
3.44150302981 365
5.08035488945 372
6.33770636522 361
7.38680344142 347
7.69105721328 357
7.51294235135 366
7.27950039116 387
6.1047115288 342
4.83961317484 347
3.55586225719 374
3.80795027947 362
2.67651335379 335
3.5778801784 375
3.54194117951 350
2.48830713449 345
2.3838404533 362
3.61784690025 353
3.81995234928 348
2.67785656528 341
2.18576592136 364
1.33351765995 386
0.735004602983 375
1.16326262012 367
2.24901825802 348
3.15624820349 371
3.78146928747 349
2.94446819716 374
3.1091186466 340
3.56180840447 382
3.02147956476 375
2.22471301117 358
3.47674557603 351
2.32613287158 347
1.87227169906 343
1.99055866791 358
1.65768662533 355
1.54878342973 351
1.73114670795 344
1.79894545471 368
1.81385110523 370
1.08229432994 395
1.65495119804 343
2.51536262616 339
3.34172603149 390
3.30677696803 351
4.42058936827 387
6.84644551699 347
7.39954943643 352
8.86545906194 362
9.10562137167 329
9.97291736376 362
9.88346766397 364
9.03714314281 344
9.84151133143 353
11.9817751933 378
12.6822246706 351
11.3851446509 385
11.1712852134 393
12.9746872087 367
12.8128532467 368
11.6948656648 379
10.6915155311 375
9.9171648046 360
6.77501675815 349
6.76860559931 387
6.67072761566 350
5.22957693471 349
3.61985261112 367
4.7023167685 374
5.20999497775 374
4.81700076292 355
4.44246437179 375
5.8826369712 360
5.91775510815 370
4.50361563906 383
5.26393721132 363
2.79952975572 374
3.42179625644 386
3.68866860518 347
3.3305026373 358
2.78640709039 358
3.30684115175 366
3.91633361735 342
5.40996754809 358
5.75299941798 366
5.69839340451 336
4.16092022217 372
4.2314635156 380
3.80795262264 369
4.15437000344 361
3.88798323553 400
3.67933063134 403
3.98649575142 360
2.25150921853 354
1.26365342826 384
1.70071075836 361
2.43871061531 363
0.906459882371 372
1.57481982249 365
2.01322745523 372
2.31603746097 350
3.74144973811 361
2.70306313951 377
2.45774905009 361
3.29264346722 342
2.85757871559 370
2.16416107054 341
1.64177784203 389
1.9010416012 366
3.10283130928 369
2.50958397506 377
2.53666307949 367
3.81142148063 362
4.0038851794 386
1.88968100335 373
2.19202091148 352
3.24433043594 371
2.9956590483 365
4.89659883708 366
5.34668433955 346
6.63364334137 357
6.22481021337 368
5.40419694998 351
6.45830347799 367
6.71867736963 393
5.84476671804 362
5.01537630559 370
5.94575648416 348
3.84106586488 357
3.86783040624 395
4.29452373312 355
5.27936445697 357
5.29287826078 383
5.92733155566 377
5.76344411438 365
6.708282721 363
6.58027896054 364
6.08657119473 354
6.16667825978 377
4.83936463771 360
5.17016971224 366
5.44414931092 374
4.8829461491 329
3.49343269622 381
2.15111639809 368
2.42559190163 372
2.62752603993 353
2.83963061389 368
3.45978610339 370
3.01304997454 354
3.27981962965 323
3.85730205261 380
3.58081018091 357
3.81980218326 363
3.26932059151 348
4.48077615081 364
3.93155514793 375
3.73933616859 350
4.44097447518 362
4.62950093906 357
4.1964614269 372
6.25773039527 351
5.66565936798 366
5.75526837876 331
3.52631867599 340
4.71423701547 354
3.50523804954 365
4.59333800269 380
3.69411930075 374
3.18639967698 364
2.82686527476 373
2.11238213249 390
2.00778530968 347
1.34900936464 371
1.61476605882 370
2.2551375 393
2.32634691056 356
1.85008515089 357
2.20132969674 363
1.52086236618 349
1.54022312512 367
1.05609170267 365
1.57774610686 372
2.48312972299 355
2.11542976294 390
1.50639561173 382
1.84015160985 365
1.89179732621 370
0.735658223899 347
0.286935532284 365
1.09228248007 373
0.987305811071 348
0.958453796535 345
1.65234081326 369
2.36170592541 399
2.19938431404 372
4.21555214932 352
2.57518579212 355
2.89293076424 358
2.45783120667 367
2.29298802418 348
1.73720022136 361
1.31094335626 364
1.1586619445 367
2.67566511379 344
2.24704590994 346
1.93669355808 376
1.85760610596 377
2.82466241254 360
4.35049406336 357
3.6704000967 380
3.94112806664 348
3.21469773837 377
2.34623556493 361
1.51975035387 372
1.2710934587 365
0.421362501727 315
0.475578957535 392
0.274248952224 384
1.13810107186 357
1.28199114746 380
1.16589733291 386
0.714125249682 365
1.58493788491 372
1.5089778203 366
1.44911340935 366
1.45636562381 371
1.90067740277 363
1.25303444204 374
0.511602780694 366
0.662384320209 361
0.718102325468 367
1.0340678133 357
0.708642209983 336
0.865846587959 362
0.794788393372 369
1.74357219627 365
2.18234739671 345
3.63377197004 393
3.57678947149 370
3.44133107227 363
3.38127111758 385
4.10846197435 367
5.66959235356 373
3.78285745731 380
3.27074640008 375
3.40616010941 366
2.91776408468 388
2.82945868394 435
2.03098926808 365
2.27404124994 387
3.16256047735 357
4.1363575664 357
2.80442834657 364
2.91682167107 355
1.86953648493 369
2.98760966578 369
3.25276300259 348
3.93055401058 349
2.50702278698 348
2.94512647504 353
2.96956137803 346
4.5205596777 373
6.65566895324 369
8.88498652828 378
11.276294821 356
14.5365001443 389
14.7526569479 352
15.4273173938 367
20.0165510784 365
25.554108554 357
27.0204861386 383
29.7375405162 393
29.4282401715 371
30.292030361 359
31.7269242975 349
28.6123343311 358
24.1267086871 374
20.5250856343 366
16.9147542541 352
15.0607285476 327
17.2028583033 388
20.3721136944 367
16.5439494512 359
16.8908165393 387
15.1496047757 364
17.7159310176 355
16.8442737423 365
15.1279952772 354
14.4868242015 358
13.7513290574 369
10.0838357461 357
7.22128820268 369
7.18264056171 380
7.37731290728 354
5.72670526161 338
6.49815095169 373
3.25862242791 360
3.79964416388 383
5.81003442585 369
3.51131992761 364
2.0470142414 369
1.37961620348 353
2.34892494278 366
2.11110771542 385
2.77835681905 367
2.73518872961 356
3.28395704196 350
4.13800925769 371
4.64874971627 385
4.09911868652 368
4.25079180171 365
3.58887087718 348
3.35539118667 358
1.88968117282 369
2.33050770332 368
2.13826997957 367
2.39193041085 368
3.33699475144 344
3.71472746095 366
4.77247794706 345
5.95630371565 387
5.5890067752 376
4.61287875267 375
4.66339161567 384
4.80264808842 373
3.68047512725 363
7.07062279607 367
10.0163139554 364
11.4130544058 356
10.2181423152 384
10.6333349422 359
11.5429488423 360
15.4991993957 370
16.7456389187 384
20.4443798351 355
21.4578991598 378
25.1798357053 392
23.7337656331 366
27.5168450983 362
25.9840051975 360
21.2966170358 365
22.737028635 383
17.4493369325 373
20.7591457898 382
18.2767565788 379
21.4760002061 382
19.8142913871 369
16.7595194331 340
16.2083322992 387
13.2551644277 358
16.484555575 362
16.0584830799 366
17.1927539165 375
17.977258684 388
14.0213641216 366
14.2710599405 382
11.5504923584 337
14.351746965 360
13.6815995073 382
13.0137839707 378
9.62665150911 349
11.6793016939 359
11.2716616705 382
9.61805113798 352
12.5066286911 353
12.1459696921 350
9.1618507514 363
12.6414466084 362
14.7702895075 387
12.1358465734 371
15.9324960583 388
16.1300801015 355
17.2212687232 374
18.9050426336 351
19.2128393367 366
14.6725497161 347
16.6413896114 366
15.3784128852 388
9.91990571535 372
11.6186491745 342
11.8460232128 384
14.4317106324 382
15.498040603 364
18.2167950802 368
19.036601521 365
14.7981110114 369
15.9596446697 363
15.3561583686 370
14.2233957882 373
16.8343323457 363
18.1592166776 367
15.7488690137 358
15.934347902 380
13.6592973561 391
13.4714150743 368
13.3744314289 387
14.8830241235 391
15.4047612425 353
12.3625143031 379
10.3631641892 369
9.21447493822 366
11.7265485741 358
11.5619251136 372
12.0598062905 365
12.2559860315 362
13.2530022255 396
16.7771343055 359
16.2392730573 354
18.1948361242 354
16.6460222831 355
20.0679831604 368
23.080864478 354
19.2168075419 383
15.6226231278 391
12.7605117217 353
14.7994701898 375
12.5461409834 379
16.7827603444 344
21.894762146 354
28.4997132277 380
28.628987327 359
29.0712795113 352
26.6477808489 360
24.4826186311 358
23.6044548971 362
26.3748336157 368
23.0097174295 375
24.6712875701 371
24.641640985 373
22.6463386425 363
25.7211987106 348
26.4238249188 376
27.8766376848 350
27.8065629 355
28.6446658519 359
32.4215149082 371
31.926006661 370
28.7516618522 340
29.3281730545 361
26.6273146523 358
35.123201193 360
27.9943127573 337
33.6133533304 380
35.9514950826 373
33.4094080319 372
29.0239043837 364
26.233494766 358
26.95312349 360
27.8092502857 349
30.2729119483 357
27.8126072146 361
31.3831754123 371
36.7846026804 388
39.579911069 367
41.4223044754 376
34.5964683913 362
38.7166052491 369
37.342119713 376
35.0222963717 368
39.1717152909 380
30.3803732955 365
32.957871355 361
31.4047212703 383
29.8444501582 378
31.1469991329 379
32.6801225191 398
36.6493641712 359
43.1066566301 351
47.700407921 373
43.9513348806 350
50.9670687525 353
57.4478295916 349
56.1284545731 370
53.7081622249 337
58.5126315487 371
67.9222837523 366
67.1304616879 364
70.1401696724 363
62.7868917093 356
62.7378355217 363
63.3912858816 379
63.573232586 354
58.797684686 360
64.4364281679 363
59.8441902471 368
57.2455503636 381
58.5478628246 356
51.4820690321 363
57.1158382584 346
57.0528361456 355
61.2472775428 358
65.6594781252 371
62.7444050719 346
59.1701583171 387
64.018263004 369
58.7762049199 360
59.0245220775 358
54.9845024514 361
58.7134035496 390
62.3282630026 371
63.1734890491 357
67.4257886306 365
73.3467324769 372
66.8020100043 387
77.6923705977 380
86.5180232326 355
91.7203626847 370
88.1993841363 387
82.073203288 397
91.8057348053 360
93.4679727917 345
94.9543090801 375
93.8670210938 351
92.8336651157 369
89.7666760727 372
96.9821667668 370
112.646433332 357
98.3605731708 339
106.855191794 362
113.017164843 387
111.091778908 362
112.851560881 384
124.587047883 367
139.730563616 389
146.799064726 365
142.344252296 378
144.077417557 372
144.876036703 349
144.969120947 394
145.793227465 388
142.799968777 354
140.662576114 369
143.172897892 363
134.753105267 365
135.961091658 374
133.662318562 357
141.480968965 364
126.484953139 375
118.915572794 360
118.258333815 375
104.106071233 373
101.581835044 357
100.441579059 360
95.2412303564 378
98.6386804606 367
101.927935913 357
112.159369083 351
107.06376707 387
113.069839032 364
117.730368939 373
109.558312142 365
105.102051272 375
88.3633614855 373
88.2274828017 365
93.0882742475 368
81.4211014119 373
94.2119140369 368
90.1798357505 379
91.8237603131 378
85.7931033935 363
78.3935697727 381
73.0184135133 362
65.3240653974 378
62.4366803091 347
61.433512153 368
62.451807674 361
57.5962121925 361
53.306172703 351
44.9799660693 356
38.4574032372 376
40.3075848988 367
38.7361726146 383
40.1037942759 373
46.5949989593 367
42.5873601858 362
39.6359365706 355
50.3856260699 369
49.3930317745 349
52.1299815987 366
52.4815695453 362
47.0887370913 377
54.6461681502 378
54.9101187269 349
47.2555131978 355
49.1906805676 339
57.0878782234 377
53.3073818429 353
53.0190412012 368
55.7680097598 375
47.7469983278 376
48.7601631505 390
40.3087114412 356
41.5965860628 368
41.7774423244 369
45.0338248177 338
43.0323686807 387
37.1226066171 369
38.5359625722 352
40.4622420066 368
42.4691023751 356
41.8566217511 355
37.6649532071 370
34.3503718254 377
30.6862517668 384
29.150808175 383
28.0761684062 356
31.877932304 361
33.9788092737 393
35.4434846446 360
36.139757167 341
37.8698107139 365
33.5604517423 367
35.8902156834 383
33.1966681274 344
33.6418657079 363
36.2685712866 338
32.3162695724 368
32.4099172347 356
26.0783203536 353
26.3878292517 373
23.6601862066 362
20.032793567 348
18.8931163274 354
13.0597657197 361
12.0569435673 367
17.359974127 349
12.4304852606 383
16.188251666 362
14.6620293196 372
16.8966165305 377
17.2131919394 383
17.5301398652 346
18.3263982552 366
17.4941381819 369
18.8325616598 365
17.9016123429 374
20.9446736059 365
22.2197226201 362
22.0803385818 353
22.1681331758 353
21.5162247657 345
16.4017335605 357
12.0250726455 354
10.585427445 383
11.9890489052 343
15.1936224914 352
11.70893028 351
13.5736780523 346
14.689138925 357
11.0937134572 363
11.4548523984 380
11.3424042639 362
10.4626067581 359
9.79311261994 348
11.5198062833 373
9.27161323393 345
8.71870773234 373
8.90177820744 358
11.7326947611 368
10.5062656759 399
9.67822300874 358
9.35043412114 364
14.4124499663 356
14.2091959762 359
13.701821859 355
12.2127815041 402
14.5988383084 373
16.8206231765 373
17.7855227385 352
14.7845761389 374
19.8454346168 360
22.1837459161 366
18.7099407608 369
21.9487161053 374
26.4502193866 361
23.0642127329 368
27.7381210273 362
30.3638490864 372
23.2742705375 379
29.1915655651 375
34.2898450863 373
30.2539688922 364
32.4684262119 385
24.8540253858 379
19.6774957149 382
20.3851554045 351
16.966487961 368
14.1335635382 343
14.9975182527 372
12.9774433049 361
10.2860313859 381
9.29030033975 364
9.65201210942 365
8.67113240463 375
6.34665161226 376
6.66605167334 385
5.02590464539 383
4.58233451754 352
4.60415326013 368
4.7186895944 376
4.49078963449 356
3.43992687022 343
4.10210710463 381
3.3730151275 361
3.09039002029 368
4.24321523076 394
3.63027957349 392
2.61032150382 343
3.63333217711 356
2.69466394315 361
1.40514171226 352
1.58815888575 371
0.145621667017 361
0.2522758768 373
0.207837372125 359
0.134709515022 356
0.249144285795 342
0.847338361018 349
1.30806730551 391
1.03491121271 384
0.323802782912 345
0.299599846231 359
0.0376867441106 368
0.276333160099 363
1.21597620961 381
1.75450637249 375
1.76485191857 380
1.89105467213 353
3.38127593879 358
2.45773130476 356
4.43711128668 389
4.16533951037 368
4.82664446796 332
6.41966358381 386
6.67584901379 376
7.28254303372 373
4.17684557319 375
2.3226346444 358
1.62547202602 359
2.87890495108 365
1.59541864035 355
0.709643407868 375
0.767934140062 371
0.598256829986 374
2.14223547149 353
1.11232409056 364
1.72930676595 345
1.44163362587 357
0.698208571568 374
0.33117139617 371
0.809001219047 353
1.18354562554 370
3.14178876443 365
3.64663759163 376
1.43930899005 374
0.514928548709 354
0.104957561893 372
0.893626391659 359
1.54012870908 355
1.93374339334 362
1.87616140437 348
1.99159239719 364
2.72328445929 389
4.38821349203 364
2.07743346612 345
3.41030458043 387
3.19632106282 361
2.11110164304 347
2.22059016751 375
3.58372988133 360
3.11831214737 363
2.45264764393 343
1.52874295261 356
3.22833006105 353
3.28942606306 363
4.98586005497 366
5.71814868244 365
6.35063413138 374
4.47475412222 352
4.92673538378 377
6.54059401421 355
7.25357501816 383
11.1746120268 357
12.4108172027 363
8.54388616933 359
7.28932341527 353
10.8143811192 364
8.874090517 339
8.29015961157 380
7.3456787439 381
5.95821245832 368
6.90152164396 357
5.24362064152 366
6.05374890012 358
6.7436107956 354
10.047879034 362
9.81827179587 362
8.38556582796 373
7.00633800071 374
